n_obs: 10
data_preparation: 39.381972789764404
writing: 2.348858118057251
reading: 0.5209815502166748
data_fitting: 151.04333758354187
flux_point: 28.661978721618652
