n_obs: 10
data_preparation: 37.46301603317261
writing: 1.879507064819336
reading: 0.43181920051574707
data_fitting: 134.94322657585144
flux_point: 26.330395936965942
