n_obs: 10
data_preparation: 35.170254707336426
writing: 1.658653974533081
reading: 0.40293455123901367
data_fitting: 124.15870714187622
flux_point: 23.372752904891968
