n_obs: 10
data_preparation: 39.71664357185364
writing: 2.0070812702178955
reading: 0.47522735595703125
data_fitting: 144.66676902770996
flux_point: 27.293313026428223
