n_obs: 10
data_preparation: 45.09934592247009
writing: 2.291983127593994
reading: 0.6237070560455322
data_fitting: 142.82622575759888
flux_point: 31.40765404701233
