n_obs: 10
data_preparation: 36.36205768585205
writing: 1.8805232048034668
reading: 0.5342445373535156
data_fitting: 117.47273826599121
flux_point: 25.382125854492188
