n_obs: 10
data_preparation: 36.12665009498596
writing: 1.7021052837371826
reading: 0.4631321430206299
data_fitting: 110.80323767662048
flux_point: 23.267268180847168
