n_obs: 10
data_preparation: 37.76076579093933
writing: 2.365206003189087
reading: 0.5328495502471924
data_fitting: 116.20045614242554
flux_point: 26.87619137763977
