n_obs: 10
data_preparation: 39.69565033912659
writing: 2.539508104324341
reading: 0.5791888236999512
data_fitting: 135.36573815345764
flux_point: 28.936672925949097
