n_obs: 10
data_preparation: 39.65356516838074
writing: 1.8743093013763428
reading: 0.4642643928527832
data_fitting: 145.49261713027954
flux_point: 28.339694261550903
