n_obs: 10
data_preparation: 41.83848428726196
writing: 2.1916677951812744
reading: 0.5592465400695801
data_fitting: 99.57344627380371
flux_point: 29.66248655319214
