n_obs: 10
data_preparation: 42.7685604095459
writing: 2.259878635406494
reading: 0.6413052082061768
data_fitting: 150.68769526481628
flux_point: 30.332777976989746
