n_obs: 10
data_preparation: 44.03440284729004
writing: 2.875262975692749
reading: 0.6428835391998291
data_fitting: 170.66265678405762
flux_point: 32.86222004890442
