n_obs: 10
data_preparation: 38.0612154006958
writing: 2.4586009979248047
reading: 0.5401992797851562
data_fitting: 146.56902289390564
flux_point: 28.094894647598267
