n_obs: 10
data_preparation: 38.104432344436646
writing: 1.8674499988555908
reading: 0.4421820640563965
data_fitting: 135.62917113304138
flux_point: 26.40494394302368
