n_obs: 10
data_preparation: 44.33040261268616
writing: 2.248213529586792
reading: 0.5418519973754883
data_fitting: 110.56441378593445
flux_point: 32.54722595214844
