n_obs: 10
data_preparation: 39.21096181869507
writing: 2.049403190612793
reading: 0.48849010467529297
data_fitting: 96.38567757606506
flux_point: 28.272357940673828
