n_obs: 10
data_preparation: 38.29802894592285
writing: 2.0153796672821045
reading: 0.49219536781311035
data_fitting: 117.57167387008667
flux_point: 26.87887477874756
