n_obs: 10
data_preparation: 34.06566834449768
writing: 1.7738037109375
reading: 0.41988182067871094
data_fitting: 78.7290632724762
flux_point: 25.43535566329956
