n_obs: 10
data_preparation: 45.53264307975769
writing: 2.3155338764190674
reading: 0.5410749912261963
data_fitting: 113.67833423614502
flux_point: 32.92010307312012
