n_obs: 10
data_preparation: 38.1579053401947
writing: 1.998838186264038
reading: 0.5050654411315918
data_fitting: 92.19919943809509
flux_point: 27.09390687942505
