n_obs: 10
data_preparation: 39.19526386260986
writing: 1.8986141681671143
reading: 0.5163867473602295
data_fitting: 118.07461428642273
flux_point: 26.559702157974243
