n_obs: 10
data_preparation: 39.93259310722351
writing: 1.9802277088165283
reading: 0.5354311466217041
data_fitting: 120.10441589355469
flux_point: 27.616374254226685
