n_obs: 10
data_preparation: 40.826979875564575
writing: 2.0093929767608643
reading: 0.4956471920013428
data_fitting: 94.73432779312134
flux_point: 28.575075149536133
