n_obs: 10
data_preparation: 43.19479250907898
writing: 2.178955316543579
reading: 0.5156028270721436
data_fitting: 115.6106321811676
flux_point: 28.343279123306274
