n_obs: 10
data_preparation: 39.39049577713013
writing: 1.899583339691162
reading: 0.525061845779419
data_fitting: 125.23581099510193
flux_point: 27.26796007156372
