n_obs: 10
data_preparation: 39.001378774642944
writing: 2.324876070022583
reading: 0.5172581672668457
data_fitting: 147.4190809726715
flux_point: 27.538815021514893
