n_obs: 10
data_preparation: 40.06082725524902
writing: 2.016299247741699
reading: 0.4739234447479248
data_fitting: 118.76663303375244
flux_point: 27.27345633506775
