n_obs: 10
data_preparation: 43.23665237426758
writing: 2.7939023971557617
reading: 0.6472985744476318
data_fitting: 166.62926149368286
flux_point: 32.39914608001709
