n_obs: 10
data_preparation: 35.82853579521179
writing: 1.7419555187225342
reading: 0.4542427062988281
data_fitting: 109.72003841400146
flux_point: 23.762200832366943
