n_obs: 10
data_preparation: 38.838468074798584
writing: 2.01735258102417
reading: 0.4860398769378662
data_fitting: 93.83700299263
flux_point: 28.446757555007935
