n_obs: 10
data_preparation: 40.71743655204773
writing: 2.1114702224731445
reading: 0.5235707759857178
data_fitting: 121.63938570022583
flux_point: 28.121554851531982
