n_obs: 10
data_preparation: 35.880550384521484
writing: 1.9177865982055664
reading: 0.4619584083557129
data_fitting: 83.8124577999115
flux_point: 26.342240571975708
