n_obs: 10
data_preparation: 38.6288788318634
writing: 2.558373212814331
reading: 0.5798041820526123
data_fitting: 154.44333171844482
flux_point: 28.554240226745605
