n_obs: 10
data_preparation: 5.619269371032715
writing: 1.4349861145019531
reading: 1.927380084991455
data_fitting: 1.2009456157684326
flux_point: 24.761327505111694
