n_obs: 10
data_preparation: 6.340823173522949
writing: 1.7509584426879883
reading: 2.271125078201294
data_fitting: 1.7042970657348633
flux_point: 34.61186766624451
