n_obs: 10
data_preparation: 5.881503343582153
writing: 1.5855491161346436
reading: 2.06465482711792
data_fitting: 1.6448957920074463
flux_point: 32.73668122291565
