n_obs: 10
data_preparation: 7.326536417007446
writing: 1.984827995300293
reading: 2.5689282417297363
data_fitting: 1.7515099048614502
flux_point: 35.48954725265503
