n_obs: 10
data_preparation: 6.688741683959961
writing: 1.7125954627990723
reading: 2.2194855213165283
data_fitting: 1.543083906173706
flux_point: 27.877936840057373
