n_obs: 10
data_preparation: 6.240671873092651
writing: 1.581648588180542
reading: 2.041195869445801
data_fitting: 1.3768463134765625
flux_point: 28.057887077331543
