n_obs: 10
data_preparation: 6.20928430557251
writing: 1.6383991241455078
reading: 2.1371922492980957
data_fitting: 1.4258408546447754
flux_point: 28.695425748825073
