n_obs: 10
data_preparation: 7.032090425491333
writing: 1.908646821975708
reading: 2.4909260272979736
data_fitting: 1.6984622478485107
flux_point: 35.337239503860474
