n_obs: 10
data_preparation: 6.949693441390991
writing: 1.8190374374389648
reading: 2.3089489936828613
data_fitting: 1.6204957962036133
flux_point: 34.31327438354492
