n_obs: 10
data_preparation: 6.305650472640991
writing: 1.6327550411224365
reading: 2.1312737464904785
data_fitting: 1.360745906829834
flux_point: 27.971204042434692
