n_obs: 10
data_preparation: 6.083586931228638
writing: 1.7007122039794922
reading: 2.150416851043701
data_fitting: 1.732668399810791
flux_point: 35.018545389175415
