n_obs: 10
data_preparation: 7.231833457946777
writing: 1.993626594543457
reading: 2.4935481548309326
data_fitting: 1.8352067470550537
flux_point: 37.62001061439514
