n_obs: 10
data_preparation: 7.2807440757751465
writing: 2.047959804534912
reading: 2.5599257946014404
data_fitting: 1.8431596755981445
flux_point: 36.838788986206055
