n_obs: 10
data_preparation: 6.430495500564575
writing: 1.8156044483184814
reading: 2.2848660945892334
data_fitting: 1.677537202835083
flux_point: 34.57579946517944
