n_obs: 10
data_preparation: 6.625131845474243
writing: 1.7866811752319336
reading: 2.2309751510620117
data_fitting: 1.4893748760223389
flux_point: 30.663257360458374
