n_obs: 10
data_preparation: 6.874457120895386
writing: 1.7701292037963867
reading: 2.3068759441375732
data_fitting: 1.5263025760650635
flux_point: 30.65973997116089
