n_obs: 10
data_preparation: 6.420344352722168
writing: 1.8831126689910889
reading: 2.3645894527435303
data_fitting: 1.693077564239502
flux_point: 35.80657386779785
