n_obs: 10
data_preparation: 6.309949159622192
writing: 1.6235077381134033
reading: 2.0280444622039795
data_fitting: 1.3638646602630615
flux_point: 27.402217626571655
