n_obs: 10
data_preparation: 6.917378902435303
writing: 1.9107835292816162
reading: 2.3525023460388184
data_fitting: 1.5573034286499023
flux_point: 32.08681297302246
