n_obs: 10
data_preparation: 6.296046018600464
writing: 1.6586899757385254
reading: 2.110241174697876
data_fitting: 1.362994909286499
flux_point: 27.77003812789917
