n_obs: 10
data_preparation: 6.6319739818573
writing: 1.7336130142211914
reading: 2.261784076690674
data_fitting: 1.424304485321045
flux_point: 29.198633432388306
