n_obs: 10
data_preparation: 6.1171205043792725
writing: 1.5842854976654053
reading: 2.011685371398926
data_fitting: 1.3063502311706543
flux_point: 26.93155312538147
