n_obs: 10
data_preparation: 6.632598876953125
writing: 1.7879798412322998
reading: 2.230350971221924
data_fitting: 1.5091779232025146
flux_point: 30.922903299331665
