n_obs: 10
data_preparation: 7.078122615814209
writing: 1.8829734325408936
reading: 2.3952012062072754
data_fitting: 1.6924247741699219
flux_point: 33.41397309303284
