n_obs: 10
data_preparation: 6.155023813247681
writing: 1.61397385597229
reading: 2.1053402423858643
data_fitting: 1.4073781967163086
flux_point: 28.97689175605774
