n_obs: 10
data_preparation: 5.3640828132629395
writing: 1.3879735469818115
reading: 1.771665334701538
data_fitting: 1.2058587074279785
flux_point: 24.121731996536255
