n_obs: 10
data_preparation: 5.484721660614014
writing: 1.4533278942108154
reading: 1.8659276962280273
data_fitting: 1.1952629089355469
flux_point: 24.74236273765564
