n_obs: 10
data_preparation: 5.553603410720825
writing: 1.5173087120056152
reading: 1.894836187362671
data_fitting: 1.5411739349365234
flux_point: 30.949900150299072
