n_obs: 10
data_preparation: 6.225711107254028
writing: 1.6388497352600098
reading: 2.1182591915130615
data_fitting: 1.4476470947265625
flux_point: 29.31748390197754
