n_obs: 10
data_preparation: 6.972078800201416
writing: 1.9385356903076172
reading: 2.5058629512786865
data_fitting: 1.7741780281066895
flux_point: 36.77677059173584
