n_obs: 10
data_preparation: 6.258896827697754
writing: 1.6437687873840332
reading: 2.1465697288513184
data_fitting: 1.376633882522583
flux_point: 28.06531000137329
