n_obs: 10
data_preparation: 7.045899152755737
writing: 1.8805913925170898
reading: 2.4104866981506348
data_fitting: 1.7591211795806885
flux_point: 35.67567563056946
