n_obs: 10
data_preparation: 7.121435880661011
writing: 1.9310638904571533
reading: 2.481478452682495
data_fitting: 1.6816396713256836
flux_point: 34.3218092918396
