n_obs: 10
data_preparation: 6.619078636169434
writing: 1.7248146533966064
reading: 2.2190678119659424
data_fitting: 1.411846399307251
flux_point: 29.10600781440735
