n_obs: 10
data_preparation: 46.52072238922119
writing: 0.24797773361206055
reading: 0.07779383659362793
data_fitting: 2.8169138431549072
flux_point: 1.664499282836914
