n_obs: 10
data_preparation: 45.31242632865906
writing: 0.15709996223449707
reading: 0.0691835880279541
data_fitting: 2.6377649307250977
flux_point: 1.6201884746551514
