n_obs: 10
data_preparation: 44.59035396575928
writing: 0.15183520317077637
reading: 0.06722044944763184
data_fitting: 2.4921786785125732
flux_point: 1.5909976959228516
