n_obs: 10
data_preparation: 49.979955434799194
writing: 0.18111848831176758
reading: 0.07615089416503906
data_fitting: 3.329913377761841
flux_point: 1.9197721481323242
