n_obs: 10
data_preparation: 51.11202931404114
writing: 0.17664122581481934
reading: 0.07793664932250977
data_fitting: 2.9795429706573486
flux_point: 1.9615423679351807
