n_obs: 10
data_preparation: 53.34386396408081
writing: 0.19301176071166992
reading: 0.08561396598815918
data_fitting: 3.371063470840454
flux_point: 2.0613315105438232
