n_obs: 10
data_preparation: 46.067503929138184
writing: 0.2709188461303711
reading: 0.08413958549499512
data_fitting: 3.1548807621002197
flux_point: 1.8571109771728516
