n_obs: 10
data_preparation: 43.75723481178284
writing: 0.14904117584228516
reading: 0.06646847724914551
data_fitting: 2.6455934047698975
flux_point: 1.4903135299682617
