n_obs: 10
data_preparation: 44.312185287475586
writing: 0.17017555236816406
reading: 0.07335329055786133
data_fitting: 2.653531789779663
flux_point: 1.7937629222869873
