n_obs: 10
data_preparation: 46.691627502441406
writing: 0.245819091796875
reading: 0.07337331771850586
data_fitting: 3.079819679260254
flux_point: 1.648148775100708
