n_obs: 10
data_preparation: 52.491560220718384
writing: 0.2954671382904053
reading: 0.09168767929077148
data_fitting: 4.002478837966919
flux_point: 2.1171884536743164
