n_obs: 10
data_preparation: 43.60765624046326
writing: 0.15587449073791504
reading: 0.06599879264831543
data_fitting: 2.6669979095458984
flux_point: 1.4462196826934814
