n_obs: 10
data_preparation: 50.44342541694641
writing: 0.19981861114501953
reading: 0.08596587181091309
data_fitting: 3.3960185050964355
flux_point: 2.0048022270202637
