n_obs: 10
data_preparation: 45.768738746643066
writing: 0.17453312873840332
reading: 0.07603001594543457
data_fitting: 2.7370338439941406
flux_point: 1.769904375076294
