n_obs: 10
data_preparation: 42.44781470298767
writing: 0.1661686897277832
reading: 0.07793688774108887
data_fitting: 2.92333984375
flux_point: 1.667168140411377
