n_obs: 10
data_preparation: 41.85818314552307
writing: 0.13399028778076172
reading: 0.055571794509887695
data_fitting: 2.187664270401001
flux_point: 1.4007713794708252
