n_obs: 10
data_preparation: 44.72115206718445
writing: 0.17459845542907715
reading: 0.07598614692687988
data_fitting: 2.9937329292297363
flux_point: 1.809743881225586
