n_obs: 10
data_preparation: 42.75130367279053
writing: 0.16528558731079102
reading: 0.06925415992736816
data_fitting: 2.5752663612365723
flux_point: 1.7568387985229492
