n_obs: 10
data_preparation: 45.147783041000366
writing: 0.16425037384033203
reading: 0.07063698768615723
data_fitting: 2.7760016918182373
flux_point: 1.80592942237854
