n_obs: 10
data_preparation: 52.962761640548706
writing: 0.18799138069152832
reading: 0.08752155303955078
data_fitting: 3.613903522491455
flux_point: 2.006178140640259
