n_obs: 10
data_preparation: 45.392911195755005
writing: 0.2722911834716797
reading: 0.08646965026855469
data_fitting: 3.4067022800445557
flux_point: 1.8463876247406006
