n_obs: 10
data_preparation: 45.52457928657532
writing: 0.15728759765625
reading: 0.06826519966125488
data_fitting: 2.578321933746338
flux_point: 1.602903127670288
