n_obs: 10
data_preparation: 46.329089641571045
writing: 0.15898609161376953
reading: 0.07539653778076172
data_fitting: 2.928609848022461
flux_point: 1.6084280014038086
