n_obs: 10
data_preparation: 46.77611970901489
writing: 0.2538728713989258
reading: 0.0756235122680664
data_fitting: 3.1526596546173096
flux_point: 1.6686570644378662
