n_obs: 10
data_preparation: 48.921468019485474
writing: 0.1655406951904297
reading: 0.07073163986206055
data_fitting: 2.7952194213867188
flux_point: 1.950207233428955
