n_obs: 10
data_preparation: 46.457035303115845
writing: 0.16240620613098145
reading: 0.07580113410949707
data_fitting: 2.9839584827423096
flux_point: 1.633127212524414
