n_obs: 10
data_preparation: 47.63028287887573
writing: 0.16745662689208984
reading: 0.08337187767028809
data_fitting: 3.101560354232788
flux_point: 1.708984136581421
