n_obs: 10
data_preparation: 46.93281364440918
writing: 0.15921592712402344
reading: 0.06887459754943848
data_fitting: 2.7129602432250977
flux_point: 1.6530463695526123
