n_obs: 10
data_preparation: 46.85013461112976
writing: 0.2504258155822754
reading: 0.0792231559753418
data_fitting: 3.4728739261627197
flux_point: 1.9665944576263428
