n_obs: 10
data_preparation: 47.48319125175476
writing: 0.17043709754943848
reading: 0.07555341720581055
data_fitting: 2.935535192489624
flux_point: 1.7001662254333496
