n_obs: 10
data_preparation: 53.62521171569824
writing: 0.20473623275756836
reading: 0.08625292778015137
data_fitting: 3.4097824096679688
flux_point: 2.1281585693359375
