n_obs: 10
data_preparation: 52.407508850097656
writing: 0.3019869327545166
reading: 0.09431815147399902
data_fitting: 3.871147871017456
flux_point: 2.047459125518799
