n_obs: 10
data_preparation: 44.7820680141449
writing: 0.16149520874023438
reading: 0.06035804748535156
data_fitting: 2.5340771675109863
flux_point: 1.7365450859069824
