n_obs: 10
data_preparation: 52.14123487472534
writing: 0.18371963500976562
reading: 0.08909487724304199
data_fitting: 3.5730745792388916
flux_point: 2.1214020252227783
