n_obs: 10
data_loading: 0.041520118713378906
filling: 0.9282422065734863
writing: 0.18702316284179688
