n_obs: 10
data_loading: 0.07321453094482422
filling: 0.9881184101104736
writing: 0.19399356842041016
