n_obs: 10
data_loading: 0.0438692569732666
filling: 0.993628740310669
writing: 0.255892276763916
