n_obs: 10
data_loading: 0.03441929817199707
filling: 0.9073328971862793
writing: 0.22348523139953613
