n_obs: 10
data_loading: 0.08051371574401855
filling: 0.9646360874176025
writing: 0.24376821517944336
