n_obs: 10
data_loading: 0.053308725357055664
filling: 1.033503770828247
writing: 0.21402311325073242
