n_obs: 10
data_loading: 0.08410525321960449
filling: 0.8567540645599365
writing: 0.20696687698364258
