n_obs: 10
data_loading: 0.04862618446350098
filling: 1.070596694946289
writing: 0.2180945873260498
