n_obs: 10
data_loading: 0.04060935974121094
filling: 0.9396090507507324
writing: 0.23964500427246094
