n_obs: 10
data_loading: 0.051276445388793945
filling: 1.0755629539489746
writing: 0.22953295707702637
