n_obs: 10
data_loading: 0.07809185981750488
filling: 0.929581880569458
writing: 0.22684097290039062
