n_obs: 10
data_loading: 0.04755544662475586
filling: 0.9530293941497803
writing: 0.2567000389099121
