n_obs: 10
data_loading: 0.04473710060119629
filling: 0.9637365341186523
writing: 0.24432873725891113
