n_obs: 10
data_loading: 0.04075455665588379
filling: 0.9928536415100098
writing: 0.1986711025238037
