n_obs: 10
data_loading: 0.07779693603515625
filling: 1.0071992874145508
writing: 0.21378850936889648
