n_obs: 10
data_loading: 0.051343679428100586
filling: 1.0611858367919922
writing: 0.23176050186157227
