n_obs: 10
data_loading: 0.04191088676452637
filling: 0.9712269306182861
writing: 0.24942278861999512
