n_obs: 10
data_loading: 0.08482813835144043
filling: 0.9845609664916992
writing: 0.245375394821167
