n_obs: 10
data_loading: 0.08225059509277344
filling: 0.9596896171569824
writing: 0.25173497200012207
