n_obs: 10
data_loading: 0.0531008243560791
filling: 1.0523838996887207
writing: 0.22919702529907227
