n_obs: 10
data_loading: 0.06351280212402344
filling: 0.912238597869873
writing: 0.17305350303649902
