n_obs: 10
data_loading: 0.04054450988769531
filling: 0.9522883892059326
writing: 0.24625062942504883
