n_obs: 10
data_loading: 0.08772516250610352
filling: 0.9691407680511475
writing: 0.2433919906616211
