n_obs: 10
data_loading: 0.046411752700805664
filling: 0.9417204856872559
writing: 0.2363576889038086
