n_obs: 10
data_loading: 0.04303169250488281
filling: 0.9780473709106445
writing: 0.2594184875488281
