n_obs: 10
data_loading: 0.08553814888000488
filling: 0.9250357151031494
writing: 0.22983646392822266
