n_obs: 10
data_loading: 0.08466029167175293
filling: 0.9462175369262695
writing: 0.246293306350708
