n_obs: 10
data_loading: 0.046045541763305664
filling: 0.9264905452728271
writing: 0.23645615577697754
