n_obs: 10
data_loading: 0.050894737243652344
filling: 1.0252289772033691
writing: 0.22266554832458496
