n_obs: 10
data_loading: 0.035997867584228516
filling: 0.8663654327392578
writing: 0.22268342971801758
