n_obs: 10
data_loading: 0.08060002326965332
filling: 0.9621281623840332
writing: 0.23255181312561035
