n_obs: 10
data_loading: 0.04127001762390137
filling: 0.9384300708770752
writing: 0.24228930473327637
