n_obs: 10
data_loading: 0.04179644584655762
filling: 0.8913393020629883
writing: 0.2125709056854248
