n_obs: 10
data_loading: 0.05128931999206543
filling: 1.0456726551055908
writing: 0.22569751739501953
