n_obs: 10
data_preparation: 7.424381732940674
writing: 0.19365811347961426
reading: 0.22774863243103027
data_fitting: 0.5285987854003906
flux_point: 3.7292375564575195
