n_obs: 10
data_preparation: 6.173914432525635
writing: 0.15375733375549316
reading: 0.17968249320983887
data_fitting: 0.4261903762817383
flux_point: 2.9677517414093018
