n_obs: 10
data_preparation: 7.034857511520386
writing: 0.17258834838867188
reading: 0.2027883529663086
data_fitting: 0.4739408493041992
flux_point: 3.45898175239563
