n_obs: 10
data_preparation: 6.2559661865234375
writing: 0.1583871841430664
reading: 0.18443036079406738
data_fitting: 0.4237794876098633
flux_point: 3.0392708778381348
