n_obs: 10
data_preparation: 6.39961314201355
writing: 0.1782851219177246
reading: 0.2039170265197754
data_fitting: 0.5047228336334229
flux_point: 3.5504610538482666
