n_obs: 10
data_preparation: 5.966874599456787
writing: 0.16271495819091797
reading: 0.1752481460571289
data_fitting: 0.4527301788330078
flux_point: 3.2807865142822266
