n_obs: 10
data_preparation: 6.3509557247161865
writing: 0.16344070434570312
reading: 0.19146013259887695
data_fitting: 0.4764893054962158
flux_point: 3.4519054889678955
