n_obs: 10
data_preparation: 5.3855602741241455
writing: 0.14013075828552246
reading: 0.1839771270751953
data_fitting: 0.3640894889831543
flux_point: 2.555781126022339
