n_obs: 10
data_preparation: 7.025736093521118
writing: 0.1888895034790039
reading: 0.21734285354614258
data_fitting: 0.5605502128601074
flux_point: 3.904907464981079
