n_obs: 10
data_preparation: 6.947371006011963
writing: 0.17788386344909668
reading: 0.2094869613647461
data_fitting: 0.479311466217041
flux_point: 3.4631521701812744
