n_obs: 10
data_preparation: 6.917369365692139
writing: 0.17912769317626953
reading: 0.20760726928710938
data_fitting: 0.5074648857116699
flux_point: 3.5412819385528564
