n_obs: 10
data_preparation: 6.726054430007935
writing: 0.17431068420410156
reading: 0.2017533779144287
data_fitting: 0.43421363830566406
flux_point: 3.119018316268921
