n_obs: 10
data_preparation: 6.983264207839966
writing: 0.17189979553222656
reading: 0.20806074142456055
data_fitting: 0.4661092758178711
flux_point: 3.334667444229126
