n_obs: 10
data_preparation: 6.602685928344727
writing: 0.16393756866455078
reading: 0.19099998474121094
data_fitting: 0.4162609577178955
flux_point: 3.019651412963867
