n_obs: 10
data_preparation: 5.9925620555877686
writing: 0.16062688827514648
reading: 0.20660042762756348
data_fitting: 0.5129060745239258
flux_point: 3.5987775325775146
