n_obs: 10
data_preparation: 5.685837745666504
writing: 0.14877867698669434
reading: 0.17890357971191406
data_fitting: 0.45421314239501953
flux_point: 3.2024004459381104
