n_obs: 10
data_preparation: 6.835525035858154
writing: 0.1755082607269287
reading: 0.20142459869384766
data_fitting: 0.49927592277526855
flux_point: 3.601064443588257
