n_obs: 10
data_preparation: 6.87762713432312
writing: 0.18387746810913086
reading: 0.20062994956970215
data_fitting: 0.4981417655944824
flux_point: 3.7377922534942627
