n_obs: 10
data_preparation: 6.504786014556885
writing: 0.15706443786621094
reading: 0.18614959716796875
data_fitting: 0.3968207836151123
flux_point: 2.84183406829834
