n_obs: 10
data_preparation: 6.581964015960693
writing: 0.17244505882263184
reading: 0.19937872886657715
data_fitting: 0.43326687812805176
flux_point: 3.138765335083008
