n_obs: 10
data_preparation: 6.684910297393799
writing: 0.1943676471710205
reading: 0.22838068008422852
data_fitting: 0.540924072265625
flux_point: 3.6640126705169678
