n_obs: 10
data_preparation: 5.743446588516235
writing: 0.144059419631958
reading: 0.16625022888183594
data_fitting: 0.3755042552947998
flux_point: 2.837890625
