n_obs: 10
data_preparation: 6.184263229370117
writing: 0.1519005298614502
reading: 0.1808474063873291
data_fitting: 0.38770079612731934
flux_point: 2.7754316329956055
