n_obs: 10
data_preparation: 7.365152359008789
writing: 0.18990373611450195
reading: 0.22872686386108398
data_fitting: 0.5156264305114746
flux_point: 3.853377103805542
