n_obs: 10
data_preparation: 6.322209358215332
writing: 0.1571359634399414
reading: 0.18324708938598633
data_fitting: 0.3970062732696533
flux_point: 2.8355872631073
