n_obs: 10
data_preparation: 6.023757219314575
writing: 0.15059232711791992
reading: 0.17106366157531738
data_fitting: 0.3729746341705322
flux_point: 2.7313761711120605
