n_obs: 10
data_preparation: 5.565099000930786
writing: 0.14155244827270508
reading: 0.147599458694458
data_fitting: 0.34232378005981445
flux_point: 2.4599523544311523
