n_obs: 10
data_preparation: 6.83069920539856
writing: 0.1716907024383545
reading: 0.20180487632751465
data_fitting: 0.43436717987060547
flux_point: 3.205148696899414
