n_obs: 10
data_preparation: 6.177277326583862
writing: 0.15194487571716309
reading: 0.17878341674804688
data_fitting: 0.4020965099334717
flux_point: 2.9315571784973145
