n_obs: 10
data_preparation: 6.214930295944214
writing: 0.15483927726745605
reading: 0.1835489273071289
data_fitting: 0.395296573638916
flux_point: 2.872729539871216
