n_obs: 10
data_preparation: 5.652238607406616
writing: 0.14377164840698242
reading: 0.15584969520568848
data_fitting: 0.3509094715118408
flux_point: 2.552280902862549
