n_obs: 10
data_preparation: 7.132389068603516
writing: 0.18988728523254395
reading: 0.22125554084777832
data_fitting: 0.4959554672241211
flux_point: 3.640990734100342
