n_obs: 10
data_preparation: 6.228478908538818
writing: 0.15841984748840332
reading: 0.18541812896728516
data_fitting: 0.3910393714904785
flux_point: 2.8486416339874268
