n_obs: 10
data_preparation: 6.57558274269104
writing: 0.1638784408569336
reading: 0.2029435634613037
data_fitting: 0.4117305278778076
flux_point: 3.0223562717437744
